F1:0.380371
precision_score:0.663119
recall_score:0.266667
